6.152361416819999818e+01
1.244712021349999986e+02
1.363953030110000100e+02
2.330591380600000093e+02
3.816069030759999805e+02
3.973094420429999900e+02
4.153649239540000053e+02
4.265879681110000092e+02
4.344316051010000024e+02
4.425257530210000141e+02
4.541387920380000196e+02
4.715048341749999850e+02
4.786070220469999867e+02
5.017242679600000201e+02
5.086532280449999917e+02
5.298483631609999520e+02
5.406883010860000240e+02
5.879739220139999816e+02
6.175634250639999436e+02
6.813042659760000106e+02
6.925079269410000506e+02
7.176251821519999794e+02
7.705781559939999852e+02
9.626307590010000013e+02
9.709944760800000267e+02
1.028237234120000039e+03
1.058111011030000100e+03
1.152204621079999924e+03
1.181950986150000062e+03
