3.700568604469999912e+01
4.889802312850000021e+01
6.830451607700000238e+01
7.633465409279999392e+01
9.070880413060000080e+01
1.173992412089999959e+02
1.448383841510000138e+02
1.561809940340000082e+02
1.755129311080000036e+02
2.151730430130000116e+02
2.500879180430000019e+02
2.865258641240000088e+02
3.159913911819999726e+02
3.314869580270000142e+02
3.498121809959999950e+02
3.812729241850000221e+02
3.977637510299999803e+02
4.043789830210000105e+02
4.467813920969999799e+02
4.553903281689999858e+02
7.097627310750000333e+02
7.344072091580000006e+02
7.419524750709999807e+02
7.544364531039999520e+02
7.770200700760000245e+02
7.843144750599999497e+02
7.977923262120000345e+02
8.194588479999999890e+02
8.279250872139999728e+02
8.513162391189999880e+02
8.583131890299999895e+02
8.880425620080000044e+02
8.962471570970000130e+02
9.039672741890000225e+02
1.087422178029999941e+03
1.094507089140000062e+03
1.109891314980000061e+03
1.128062410120000095e+03
1.141581977130000041e+03
1.151087834120000025e+03
1.162602014060000101e+03
1.252248440029999983e+03
1.266532515050000029e+03
