3.258985805510000233e+01
1.338084950450000008e+02
1.414494509699999867e+02
1.849811880590000044e+02
1.983966000080000072e+02
2.659072051050000027e+02
2.717062439919999974e+02
3.506656370160000051e+02
5.644021849629999679e+02
5.796533420089999709e+02
5.956795661449999670e+02
6.115094180109999797e+02
6.262054989340000475e+02
6.340483589169999732e+02
6.399650471209999978e+02
6.472097489830000541e+02
6.699810400009999967e+02
6.798805549139999584e+02
6.937192580700000235e+02
6.994213891030000241e+02
7.065629930500000455e+02
7.120492880340000283e+02
7.198725149629999578e+02
7.729366190429999506e+02
8.649782330990000219e+02
8.784112200739999707e+02
9.462351880070000334e+02
1.078852407930000027e+03
1.086159776929999907e+03
1.103357440949999955e+03
1.111242027040000039e+03
1.176881725069999902e+03
1.184084892029999992e+03
1.199278243060000023e+03
1.203960540060000085e+03
1.217991583109999965e+03
1.224810168030000114e+03
1.246986330989999942e+03
1.258511148929999990e+03
